56.634722 161.316944
56.428333 160.828611
56.367500 159.043056
56.090044 160.342884
56.057500 160.641111
56.016667 160.593333
55.995000 160.622222
55.919722 161.753333
55.838333 160.280000
55.812222 160.753889
55.754361 160.541840
55.743611 161.181111
55.570833 161.025034
55.401700 160.135800
55.351667 159.860000
55.298889 160.029444
54.908333 158.932778
54.396550 159.704132
54.154444 159.456389
54.137500 159.676111
54.137500 159.676111
54.123577 159.672819
54.123520 159.676023
54.121389 159.440000
54.052222 158.041111
54.050556 159.444722
54.030000 159.280000
54.016223 159.368224
53.978333 159.461111
53.955278 159.479167
53.943889 159.410556
53.904167 158.076667
53.786111 159.300000
52.555000 158.041944